1024	1024	6232
0	0	1
0	0	1
0	180	9
0	728	8
0	989	10
1	114	9
1	792	10
1	158	2
1	673	2
1	1013	3
2	582	8
2	556	6
2	855	5
2	89	2
2	743	7
2	1018	1
3	1023	8
3	480	7
3	141	4
3	611	8
3	698	9
4	664	5
4	708	10
4	681	9
4	53	1
4	316	6
5	911	7
5	572	8
5	596	1
5	632	2
5	593	4
5	665	3
6	277	5
6	582	10
6	272	8
6	153	1
6	196	7
6	381	10
6	824	7
7	207	8
7	767	8
7	359	10
8	746	10
8	343	8
8	190	7
8	344	3
8	474	2
8	567	7
9	830	8
9	252	9
9	531	2
9	954	10
9	361	6
9	365	5
9	949	8
10	859	9
10	955	4
10	80	7
10	767	6
10	802	3
11	741	9
11	389	3
11	426	4
11	397	7
11	446	2
12	206	10
12	635	4
12	497	4
12	982	1
12	348	7
12	916	4
13	325	8
13	56	2
13	691	7
13	403	10
14	587	2
14	14	4
14	14	4
14	169	2
14	456	5
14	492	6
14	635	1
15	376	9
15	227	3
15	222	4
15	448	7
15	648	6
15	822	1
15	948	6
16	482	8
16	204	2
16	509	2
16	277	6
16	307	8
16	458	3
17	870	1
17	110	9
17	232	7
17	564	7
17	210	2
17	992	1
18	224	5
18	810	9
18	122	8
18	521	9
18	743	1
18	760	10
18	780	2
18	1008	8
19	45	7
19	154	4
19	991	4
19	168	10
20	821	10
20	702	3
20	967	4
20	477	3
20	560	9
21	541	1
21	107	5
21	129	8
21	97	6
21	346	1
21	434	8
21	675	10
22	672	1
22	770	1
22	779	6
22	805	6
22	89	2
22	190	1
22	481	10
22	582	3
23	56	4
23	660	7
23	348	6
23	47	8
23	523	4
23	648	6
23	750	4
23	910	10
24	114	10
24	620	6
24	266	1
25	694	5
25	516	7
25	674	8
25	726	2
25	40	6
25	332	4
25	463	7
25	535	9
25	539	2
25	738	9
25	1016	3
26	643	1
26	287	5
27	847	3
27	309	6
27	420	6
27	746	8
27	200	9
28	633	6
28	524	5
28	164	2
28	724	4
28	275	2
28	485	8
28	659	6
28	837	5
29	926	4
29	408	4
29	600	8
29	443	1
29	723	8
30	745	7
30	852	3
30	699	10
30	291	4
30	66	10
30	924	8
31	270	1
31	134	10
31	822	10
31	516	3
31	646	8
31	871	5
32	954	4
32	59	6
32	799	5
32	937	5
32	197	5
32	985	3
33	763	5
33	548	1
33	961	1
33	79	9
33	735	3
33	936	6
33	961	9
34	570	9
34	583	7
34	485	3
34	222	4
34	366	4
35	1006	4
35	369	9
35	252	2
35	593	9
35	353	5
36	631	1
36	979	10
36	479	9
37	325	3
37	183	1
37	667	4
37	117	1
37	482	6
38	119	5
38	771	2
38	646	1
38	1022	7
39	594	8
39	750	8
39	870	4
39	141	4
39	821	10
39	970	4
39	1001	4
40	777	8
40	723	7
40	736	10
40	25	6
40	421	7
41	845	8
41	121	4
41	516	5
41	483	3
41	60	8
41	333	9
42	673	10
42	540	2
42	741	6
42	934	8
42	227	3
42	334	9
42	379	8
42	790	5
42	925	9
42	995	3
43	446	6
43	259	9
43	45	4
43	563	3
43	967	6
44	475	1
44	987	9
44	945	9
44	424	3
44	581	7
44	650	1
44	891	3
44	998	3
45	19	7
45	776	3
45	43	4
45	84	1
45	581	5
45	611	8
45	647	1
45	700	4
46	681	3
46	267	1
46	152	8
46	178	5
46	473	2
47	23	8
47	187	10
47	91	2
47	946	4
47	419	2
47	449	4
47	467	5
47	758	1
47	849	5
48	641	10
48	903	8
48	507	8
48	466	3
48	783	3
49	197	2
49	776	9
49	87	5
49	163	6
49	361	3
49	683	6
49	971	4
50	405	3
50	90	4
50	563	3
50	920	6
50	992	1
51	363	1
51	415	3
51	565	4
51	360	7
51	425	8
51	499	9
51	748	2
52	232	4
52	131	4
52	240	3
52	354	6
52	834	7
53	530	4
53	498	9
53	4	1
53	182	7
54	1012	1
54	142	3
55	769	10
55	366	2
55	254	5
55	747	8
55	784	8
55	834	3
56	13	2
56	23	4
56	992	6
56	942	2
56	290	1
56	917	3
56	527	10
57	519	3
57	322	7
57	803	3
57	311	1
57	118	6
57	378	3
57	515	6
57	837	2
57	939	1
58	686	7
58	478	6
58	851	5
58	1011	6
58	253	8
58	341	8
58	757	7
58	849	2
59	32	6
59	420	8
59	701	10
59	777	1
59	454	7
59	774	10
59	798	8
59	881	10
60	95	5
60	41	8
60	414	6
60	285	3
60	75	7
60	238	4
60	254	10
60	275	4
60	453	6
60	970	3
61	790	1
61	884	5
61	706	2
61	313	6
62	92	5
62	811	6
62	225	10
62	159	2
62	419	2
62	1004	9
63	460	9
63	92	10
63	246	4
63	256	10
63	121	6
63	146	5
63	421	10
64	460	2
64	680	4
64	243	5
64	95	9
64	683	6
64	845	5
64	864	7
65	322	10
65	131	2
65	345	9
65	430	2
65	445	3
65	484	8
65	519	1
65	595	9
65	973	9
65	1004	7
66	30	10
66	803	6
66	157	9
66	135	3
66	106	5
66	305	10
66	383	10
66	513	2
66	542	10
66	867	5
67	521	3
67	793	2
67	811	4
67	124	6
67	357	5
67	422	1
67	451	4
67	765	7
68	562	4
68	490	10
69	238	4
69	538	6
69	392	1
69	782	5
70	387	5
70	626	10
70	756	2
70	957	1
70	621	10
71	152	6
71	829	2
71	752	4
71	153	9
71	325	9
71	494	3
72	94	6
72	183	5
72	144	9
72	191	6
72	230	7
72	700	10
73	315	7
73	843	2
73	1005	3
73	547	2
73	371	2
73	827	4
74	930	7
74	784	2
74	574	3
74	372	8
75	60	7
75	539	10
75	838	10
75	217	5
75	225	7
75	255	1
75	357	4
75	713	2
75	878	3
75	919	2
76	160	9
76	389	5
77	663	5
77	752	6
77	822	8
77	481	1
77	939	8
78	620	2
78	694	3
78	904	9
78	775	7
78	663	7
78	664	6
79	33	9
79	362	2
79	620	8
79	151	2
79	283	9
79	382	1
79	395	1
79	436	8
79	631	2
80	10	7
80	414	8
80	470	8
80	121	10
80	214	2
80	149	4
80	791	3
80	969	10
81	534	1
81	643	8
81	354	5
81	148	8
81	240	2
81	553	4
81	600	3
82	723	7
82	599	1
82	425	8
82	647	10
82	767	3
82	829	2
83	241	8
83	593	4
83	514	3
83	191	4
83	860	2
84	45	1
84	701	9
84	186	2
84	298	5
84	392	3
84	580	9
84	760	9
85	413	1
85	799	8
85	600	4
85	986	6
86	311	6
86	436	8
86	99	8
86	96	2
86	464	3
86	794	8
86	877	8
87	49	5
87	594	3
87	540	4
87	768	1
88	984	4
88	920	3
88	864	7
88	540	8
88	567	2
88	597	10
88	737	8
89	93	8
89	278	7
89	2	2
89	22	2
89	223	7
89	334	1
89	412	4
89	433	10
89	964	1
90	50	4
90	465	4
90	955	6
90	372	3
90	166	7
90	693	8
91	47	2
91	429	7
91	130	8
91	852	1
92	62	5
92	63	10
92	961	10
92	644	8
92	386	10
92	100	9
92	160	3
92	166	8
92	235	1
92	416	1
92	996	2
93	89	8
93	756	1
93	1012	5
93	137	6
93	948	10
93	103	8
93	179	6
93	258	9
94	72	6
94	324	4
94	193	4
94	308	10
94	699	4
95	60	5
95	437	2
95	64	9
95	1015	5
95	188	10
95	300	10
95	431	3
95	536	10
96	86	2
96	553	2
96	993	7
96	999	6
97	21	6
97	119	3
97	177	1
97	679	10
97	551	6
98	748	6
98	125	2
98	783	4
99	86	8
99	662	1
99	779	3
99	784	6
99	617	10
99	564	9
99	758	9
100	966	7
100	92	9
100	230	10
100	401	4
100	535	6
100	596	7
101	983	9
101	160	1
101	460	10
101	242	4
101	406	2
101	701	5
102	730	3
102	655	5
102	354	7
102	523	2
103	93	8
103	938	9
103	193	6
103	690	2
103	334	1
103	714	4
103	907	2
104	466	5
104	651	9
104	165	4
104	611	10
104	670	9
105	590	9
105	636	3
105	236	6
105	347	5
105	387	9
105	447	2
106	443	9
106	66	5
106	255	9
106	533	8
106	895	2
106	920	8
106	946	8
107	21	5
107	366	10
107	142	7
107	433	3
107	303	3
107	875	6
108	237	8
108	295	6
108	737	4
108	134	9
108	319	6
108	403	9
108	435	5
108	529	8
108	552	8
108	904	2
109	607	3
109	608	4
109	725	9
109	848	5
109	428	2
109	439	1
109	598	7
109	761	9
109	890	10
110	17	9
110	722	8
110	820	6
110	308	2
110	748	8
110	821	10
110	972	6
111	137	6
111	866	9
111	585	1
111	575	6
111	185	9
111	238	1
112	632	9
112	913	3
112	518	4
112	280	3
112	183	9
112	273	4
112	452	4
113	869	4
113	1009	8
113	611	2
113	259	1
113	414	9
113	619	10
113	700	9
113	848	5
113	1006	7
114	1	9
114	24	10
114	327	6
114	852	5
114	165	8
114	651	2
114	697	3
114	734	3
114	809	3
115	138	3
115	181	2
115	359	6
115	201	7
115	205	3
115	721	8
116	982	10
116	672	10
116	784	7
116	367	1
116	397	9
116	515	9
116	844	8
117	37	1
117	295	4
117	543	6
117	688	10
117	965	1
117	314	9
117	455	9
117	898	8
118	57	6
118	826	9
118	124	6
118	290	6
118	135	2
118	461	2
119	38	5
119	97	3
119	158	1
119	194	7
119	735	9
119	318	5
119	742	4
120	960	9
120	354	4
120	139	3
120	351	3
120	629	5
120	858	5
120	1014	4
121	41	4
121	80	10
121	549	8
121	63	6
121	572	1
121	864	3
121	333	8
121	404	2
121	905	3
121	991	5
122	338	3
122	18	8
122	429	1
122	631	7
123	858	10
123	593	10
123	767	7
123	730	9
123	410	7
124	67	6
124	118	6
124	645	9
124	399	4
124	155	3
125	98	2
125	366	8
125	511	7
125	442	10
125	254	9
125	648	6
125	935	4
126	850	5
126	977	7
126	149	3
126	537	4
126	539	3
127	933	7
127	361	9
127	261	1
127	291	9
127	574	7
127	837	7
128	765	2
128	181	7
128	504	6
128	280	2
128	599	9
128	664	6
128	725	9
128	859	9
128	892	3
128	943	8
129	21	8
129	637	5
129	954	3
129	487	3
129	551	9
129	407	8
129	578	6
129	600	9
129	667	9
129	972	4
129	982	3
130	91	8
130	443	7
130	661	6
130	510	9
130	825	1
130	937	3
130	1017	9
131	52	4
131	65	2
131	440	7
131	501	6
131	428	7
131	526	7
131	567	10
131	982	4
132	269	5
132	379	3
132	959	6
132	376	1
132	471	10
132	503	2
132	506	8
132	737	4
133	325	5
133	613	7
133	182	8
133	426	10
133	400	1
134	31	10
134	108	9
134	206	4
134	715	4
134	519	4
134	198	10
134	764	7
134	867	9
135	66	3
135	118	2
135	595	6
135	481	6
135	406	10
135	521	6
135	666	9
135	840	2
136	559	8
136	423	4
136	631	7
136	685	8
136	692	6
136	995	10
137	93	6
137	111	6
137	827	2
137	435	3
137	445	2
137	778	8
137	295	7
137	330	1
137	890	6
137	1008	3
138	115	3
138	738	3
138	407	6
138	528	5
138	663	1
138	293	5
138	435	9
138	986	9
139	989	10
139	828	8
139	120	3
139	524	5
139	618	1
140	156	9
140	575	2
140	445	9
140	710	5
140	862	3
141	39	4
141	592	1
141	438	8
141	976	9
141	3	4
141	828	10
141	880	8
141	1019	7
142	54	3
142	107	7
142	387	10
142	922	9
142	178	3
142	681	5
142	749	7
142	778	10
142	823	1
143	828	9
143	313	3
143	284	4
143	572	5
143	375	7
143	936	2
144	359	5
144	72	9
145	772	3
145	1021	8
145	421	2
146	614	10
146	541	5
146	63	5
146	579	2
146	257	2
146	479	5
146	499	2
146	652	10
146	906	4
147	815	2
147	725	4
147	489	10
147	843	1
147	990	9
148	81	8
148	268	2
148	246	6
148	573	3
148	617	4
149	126	3
149	516	3
149	80	4
149	276	3
149	402	8
149	781	5
149	964	3
150	629	1
150	937	8
150	791	2
150	375	10
150	223	1
150	270	9
150	523	2
150	528	5
150	742	5
150	807	1
151	79	2
151	339	8
151	658	1
151	645	1
151	492	2
151	267	10
151	809	4
151	976	3
152	71	6
152	155	9
152	46	8
152	343	8
152	659	10
152	960	2
153	71	9
153	643	2
153	763	2
153	6	1
153	324	3
153	830	9
154	19	4
154	684	8
154	848	5
154	494	3
154	738	8
155	152	9
155	124	3
155	753	8
155	624	9
155	264	4
155	463	1
155	487	3
155	974	1
156	140	9
156	670	6
156	596	10
156	353	8
156	383	3
156	402	4
156	965	1
157	66	9
157	788	8
157	656	6
157	168	2
157	200	8
157	237	10
157	302	8
157	334	5
157	854	10
158	1	2
158	119	1
158	560	3
158	267	5
158	679	2
159	288	2
159	436	2
159	62	2
159	615	2
159	164	3
159	516	7
159	939	9
160	76	9
160	101	1
160	663	8
160	882	3
160	92	3
160	567	2
160	505	7
160	672	7
160	737	8
160	1010	5
161	815	4
161	622	6
161	536	2
161	586	7
161	747	5
161	811	7
162	449	7
162	799	3
162	611	7
162	198	5
162	963	8
162	1011	4
163	591	8
163	49	6
163	801	8
163	464	2
163	925	3
164	28	2
164	682	3
164	576	9
164	437	1
164	159	3
164	181	5
164	993	7
164	1018	2
165	104	4
165	240	3
165	460	8
165	114	8
165	224	8
165	276	4
165	320	10
165	461	7
166	90	7
166	297	10
166	688	9
166	92	8
166	346	3
166	583	10
167	283	5
167	591	7
167	655	10
167	408	6
167	934	3
167	951	7
168	19	10
168	157	2
168	901	7
168	315	5
168	570	5
169	798	9
169	14	2
169	569	8
170	396	7
170	562	3
170	968	5
170	958	5
170	214	9
170	480	1
171	790	6
171	332	7
171	912	10
171	932	3
171	945	1
171	1021	10
172	307	1
172	695	6
172	534	1
172	984	5
172	250	3
173	991	8
173	565	9
173	415	6
173	927	4
173	960	3
174	243	9
174	854	6
174	773	9
174	1000	4
174	351	5
174	657	8
175	498	5
175	435	3
175	664	10
175	211	4
176	510	3
176	314	2
176	529	10
177	97	1
177	388	1
177	1006	2
177	702	5
177	592	2
178	142	3
178	981	3
178	704	5
178	46	5
178	323	4
178	329	8
178	561	1
178	572	6
178	586	5
179	93	6
179	557	10
179	367	3
179	842	10
179	460	9
179	633	6
179	727	10
180	0	9
180	817	10
180	377	10
180	207	8
180	709	10
180	379	7
181	115	2
181	128	7
181	265	8
181	164	5
181	787	9
181	303	5
181	645	10
181	731	9
181	740	4
182	133	8
182	53	7
182	960	8
182	972	5
182	990	8
182	391	9
182	413	5
182	540	3
183	37	1
183	72	5
183	112	9
183	313	7
183	537	3
183	234	1
183	301	2
183	644	9
184	243	7
184	768	7
185	111	9
185	691	1
185	470	10
185	747	7
185	894	4
186	84	2
186	672	1
186	797	8
186	842	8
186	283	4
186	676	5
186	798	7
187	47	10
187	607	10
187	590	2
187	508	7
188	95	10
188	911	9
188	445	1
188	273	7
189	530	6
189	466	8
189	501	8
189	804	9
190	22	1
190	8	7
190	507	9
190	530	10
190	688	4
191	604	6
191	83	4
191	997	7
191	72	6
191	796	9
191	897	1
192	531	9
192	487	6
192	923	2
192	843	6
192	282	8
192	684	8
193	94	4
193	103	6
193	402	5
193	399	6
193	739	6
193	349	7
194	119	7
194	662	6
194	653	4
194	722	2
195	665	8
195	290	3
195	409	4
195	228	2
195	707	10
195	957	4
196	220	6
196	6	7
196	800	10
196	273	5
196	287	4
196	660	3
197	49	2
197	607	5
197	32	5
197	428	3
198	134	10
198	481	2
198	162	5
198	418	6
198	346	7
198	415	8
198	540	6
199	993	7
199	832	7
199	713	10
199	914	3
200	157	8
200	543	2
200	27	9
200	228	4
200	433	4
201	987	5
201	115	7
201	347	3
201	480	8
201	220	10
201	407	1
201	482	8
201	726	7
202	709	2
202	363	2
202	618	4
202	939	5
202	457	5
202	751	3
203	558	9
203	979	1
203	301	6
203	447	5
203	608	7
203	765	6
204	16	2
204	810	2
204	420	9
204	858	6
204	309	3
204	347	4
204	515	1
204	655	7
204	802	7
204	849	10
204	902	2
204	974	2
205	635	3
205	115	3
205	398	1
205	849	1
206	12	10
206	134	4
206	448	7
206	356	5
206	865	6
206	639	8
206	857	5
206	878	7
207	7	8
207	180	8
207	860	10
207	321	6
207	656	9
207	952	8
207	379	3
207	418	3
207	916	4
208	402	8
208	433	8
208	649	2
208	218	7
208	558	6
209	638	1
209	974	6
209	872	5
209	352	9
209	445	10
209	553	9
209	603	10
209	803	2
210	330	7
210	17	2
210	288	5
210	796	3
210	1014	4
211	175	4
211	897	5
211	833	8
211	415	2
211	625	7
211	1011	7
212	231	7
212	699	10
212	307	9
212	1009	9
213	785	8
213	379	10
213	534	2
214	80	2
214	551	8
214	170	9
214	907	6
214	445	9
215	680	7
215	542	6
215	572	10
216	620	4
216	734	5
216	561	6
216	625	4
216	814	9
217	75	5
217	497	5
217	1008	2
217	447	7
217	476	1
217	536	8
217	827	4
218	208	7
218	363	8
218	282	5
218	732	2
218	877	4
218	995	3
219	276	1
219	678	10
219	663	2
219	839	2
219	879	7
220	196	6
220	512	5
220	201	10
220	1020	1
220	1022	8
221	480	4
221	875	1
221	736	8
221	743	6
221	789	5
222	34	4
222	417	1
222	569	1
222	590	7
222	15	4
222	468	5
223	89	7
223	150	1
223	256	8
223	312	7
223	575	8
223	907	9
223	996	8
224	18	5
224	311	7
224	363	3
224	165	8
224	500	3
224	293	7
224	297	1
224	437	3
225	62	10
225	991	4
225	75	7
225	478	3
225	693	4
225	840	6
225	966	8
226	906	7
226	233	1
226	385	3
226	533	8
226	681	8
226	764	9
227	15	3
227	878	2
227	42	3
227	812	9
227	655	5
227	791	8
227	1023	2
228	195	2
228	200	4
228	364	4
228	361	2
228	937	2
229	508	9
229	892	2
229	313	4
229	556	2
229	799	6
230	100	10
230	72	7
230	434	3
230	450	3
230	774	2
231	212	7
231	327	8
231	869	10
231	375	2
232	17	7
232	52	4
232	645	6
232	790	4
233	226	1
233	907	8
233	416	2
234	183	1
234	806	4
234	941	6
234	594	3
234	998	2
234	690	8
234	712	10
235	1014	5
235	92	1
235	495	8
235	373	7
235	410	4
235	921	9
235	926	9
236	866	4
236	105	6
236	643	1
236	287	5
236	364	4
236	472	5
236	721	9
236	846	8
237	108	8
237	157	10
237	716	4
237	601	7
237	385	1
237	457	8
237	474	10
237	626	3
237	892	10
237	1012	2
238	69	4
238	60	4
238	999	8
238	111	1
238	292	3
238	392	4
238	505	5
239	376	7
239	600	10
239	345	8
239	386	3
239	470	7
240	165	3
240	81	2
240	52	3
241	83	8
241	867	10
241	650	6
241	290	1
241	274	1
241	338	2
241	781	5
241	918	5
242	101	4
242	858	1
242	935	3
243	64	5
243	174	9
243	184	7
243	1014	8
243	792	9
243	959	3
244	529	7
244	431	9
244	569	10
244	890	4
244	426	8
244	618	7
244	828	3
245	842	8
245	569	3
245	519	7
245	603	1
245	912	4
246	63	4
246	439	7
246	148	6
246	469	2
246	776	2
246	296	8
246	662	5
246	699	4
246	741	7
246	753	10
246	889	9
247	303	4
247	885	1
247	391	4
247	472	9
248	735	3
248	904	10
248	635	2
248	291	3
248	554	4
249	813	3
249	984	3
249	432	10
249	759	2
249	857	10
249	969	6
250	172	3
250	939	8
250	331	2
250	468	7
250	490	4
250	633	2
250	690	9
250	756	6
250	757	3
250	823	2
250	944	3
251	387	8
251	773	4
251	525	10
251	620	2
251	657	2
252	9	9
252	35	2
252	490	8
252	1019	2
252	324	2
252	425	9
252	427	8
252	497	10
252	607	2
252	823	4
253	58	8
253	528	2
253	877	2
253	942	8
254	55	5
254	505	3
254	125	9
254	60	10
254	384	9
254	480	4
255	723	1
255	978	4
255	106	9
255	75	1
255	311	4
255	517	10
255	676	1
256	63	10
256	223	8
256	318	1
256	973	2
256	500	3
257	935	9
257	525	4
257	146	2
257	318	6
257	580	7
257	954	9
257	980	8
258	93	9
258	916	9
258	571	7
258	561	8
258	608	4
258	1004	6
259	43	9
259	911	4
259	113	1
260	326	7
260	468	9
260	407	4
260	558	6
261	934	8
261	127	1
261	267	7
261	753	5
262	308	1
262	600	7
262	427	3
262	806	9
262	280	5
262	795	10
262	817	5
263	459	8
263	789	1
263	329	10
263	385	7
263	554	6
264	377	7
264	155	4
264	268	8
264	392	4
264	399	2
264	889	4
265	181	8
265	295	9
265	317	5
265	516	4
265	459	4
265	645	3
266	24	1
266	958	9
266	912	5
266	437	9
266	543	4
266	900	9
267	46	1
267	158	5
267	261	7
267	495	5
267	151	10
267	993	4
268	148	2
268	399	10
268	264	8
268	570	1
268	666	2
268	845	7
269	132	5
269	898	1
269	609	10
269	595	6
270	31	1
270	772	2
270	1008	6
270	150	9
270	601	8
270	682	8
270	863	3
271	506	7
271	358	4
271	684	3
271	552	3
271	604	8
272	6	8
272	571	6
272	418	9
273	196	5
273	338	1
273	818	10
273	188	7
273	112	4
273	423	4
273	805	1
273	826	6
274	484	5
274	672	1
274	241	1
274	395	3
274	703	8
274	738	4
275	28	2
275	961	8
275	374	7
275	60	4
276	219	1
276	149	3
276	165	4
276	330	6
276	411	2
276	825	3
276	861	5
277	6	5
277	600	8
277	16	6
277	368	2
277	671	2
277	735	2
278	89	7
278	559	6
278	438	4
278	451	3
278	649	4
278	289	2
278	623	7
278	847	4
279	560	5
279	963	10
279	474	4
279	339	5
279	388	6
279	542	7
280	112	3
280	128	2
280	427	6
280	262	5
281	729	1
281	691	3
281	705	4
282	218	5
282	192	8
282	447	8
282	392	7
282	359	5
282	749	7
282	814	8
283	167	5
283	186	4
283	810	10
283	79	9
283	697	9
284	143	4
284	683	3
284	797	7
284	322	10
284	430	8
284	888	6
285	60	3
285	302	8
285	301	4
285	765	10
285	627	5
285	933	4
286	567	8
286	1011	3
286	680	1
286	294	1
287	26	5
287	236	5
287	196	4
287	312	2
287	375	1
287	440	2
287	512	3
288	159	2
288	210	5
288	339	8
288	883	9
288	818	4
288	900	7
288	596	8
288	612	9
289	582	8
289	524	2
289	278	2
289	830	7
289	899	6
290	56	1
290	118	6
290	195	3
290	241	1
290	969	9
290	552	1
291	30	4
291	248	3
291	378	4
291	127	9
292	590	1
292	238	3
292	910	10
292	520	5
292	504	5
292	637	5
293	138	5
293	224	7
293	324	2
294	286	1
294	417	2
294	613	7
294	448	7
294	467	6
294	680	8
295	108	6
295	117	4
295	265	9
295	437	8
295	351	6
295	137	7
295	638	2
295	1016	3
296	635	2
296	246	8
296	985	10
296	970	3
296	697	7
296	739	1
296	961	7
297	166	10
297	835	3
297	413	3
297	224	1
297	360	2
297	445	1
297	603	10
297	729	9
298	84	5
298	630	6
298	758	3
298	989	8
298	485	5
298	583	4
298	612	9
299	679	6
299	616	9
299	791	2
299	707	7
299	675	5
300	95	10
300	860	1
300	750	9
300	347	3
301	203	6
301	285	4
301	814	5
301	414	9
301	872	1
301	183	2
302	285	8
302	696	9
302	902	4
302	157	8
302	826	4
303	247	4
303	181	5
303	107	3
303	933	6
303	677	6
303	939	9
304	807	5
304	673	8
304	576	7
304	793	6
304	889	3
305	66	10
305	717	3
305	343	7
306	463	9
306	703	10
307	172	1
307	212	9
307	994	4
307	16	8
307	594	8
308	110	2
308	262	1
308	516	5
308	94	10
308	310	5
309	27	6
309	816	7
309	204	3
309	632	9
309	659	9
309	833	9
310	950	6
310	308	5
310	753	1
310	799	6
311	57	1
311	86	6
311	224	7
311	701	2
311	255	4
311	912	7
312	629	9
312	287	2
312	1015	3
312	223	7
312	579	7
312	822	6
312	834	8
313	143	3
313	183	7
313	229	4
313	709	10
313	61	6
313	478	2
313	948	6
314	176	2
314	397	9
314	910	5
314	117	9
314	615	10
315	73	7
315	168	5
315	804	7
315	401	5
315	961	5
316	979	10
316	618	4
316	596	4
316	4	6
316	358	10
316	495	7
316	498	10
316	624	6
317	265	5
317	635	2
317	459	3
317	361	10
317	536	3
317	582	1
317	784	6
317	966	7
317	1000	4
318	256	1
318	119	5
318	257	6
318	560	6
318	1001	1
318	877	3
319	108	6
319	421	2
319	714	1
319	349	8
319	531	4
319	911	2
320	977	2
320	854	10
320	165	10
320	554	6
320	893	2
321	207	6
321	455	10
321	536	8
322	57	7
322	65	10
322	284	10
322	827	9
322	695	7
323	178	4
323	999	1
323	714	9
323	439	5
323	498	3
324	94	4
324	293	2
324	801	2
324	252	2
324	153	3
324	872	1
325	13	8
325	37	3
325	133	5
325	794	5
325	718	7
325	71	9
325	386	7
325	692	4
326	260	7
326	446	2
326	995	10
326	970	10
326	507	10
326	717	8
327	114	6
327	231	8
327	837	1
327	1006	3
327	987	1
328	896	2
328	379	2
328	535	9
328	378	4
328	661	4
329	178	8
329	772	3
329	263	10
329	567	4
329	385	8
329	461	6
329	718	10
330	210	7
330	512	5
330	276	6
330	137	1
330	712	1
330	699	7
330	927	7
331	972	4
331	250	2
331	843	8
331	521	5
332	171	7
332	520	8
332	25	4
332	500	7
332	426	8
332	465	5
332	720	7
332	745	4
332	903	10
332	921	6
333	121	8
333	394	6
333	41	9
333	502	7
334	42	9
334	103	1
334	89	1
334	157	5
334	491	8
335	414	3
335	805	5
335	991	8
335	590	1
335	624	1
335	754	1
336	623	3
336	690	2
336	775	8
337	982	8
337	345	4
337	921	10
337	717	7
338	122	3
338	273	1
338	725	4
338	241	2
338	378	1
338	666	2
338	994	3
339	151	8
339	288	8
339	442	8
339	914	4
339	279	5
340	657	1
340	379	1
340	739	7
341	689	2
341	58	8
341	588	7
341	930	4
342	807	1
342	932	6
342	432	2
342	589	9
342	638	6
343	8	8
343	657	6
343	566	6
343	305	7
343	152	8
343	472	1
343	494	7
344	970	6
344	8	3
344	683	10
344	687	5
344	975	10
345	65	9
345	337	4
345	239	8
345	554	8
345	528	4
345	599	7
346	166	3
346	459	10
346	21	1
346	198	7
346	996	1
346	569	5
346	1007	7
347	201	3
347	300	3
347	204	4
347	718	6
347	105	5
347	377	9
347	678	6
348	23	6
348	12	7
348	525	5
348	412	10
348	958	8
349	319	8
349	412	4
349	193	7
349	786	1
350	407	9
350	987	8
350	700	3
350	947	10
351	295	6
351	397	4
351	174	5
351	120	3
351	616	2
351	791	10
352	629	7
352	209	9
352	368	8
353	510	2
353	156	8
353	875	7
353	35	5
354	81	5
354	102	7
354	120	4
354	601	8
354	994	5
354	52	6
354	728	8
354	855	2
355	777	5
355	782	1
355	868	6
355	432	10
355	435	5
356	206	5
356	397	3
356	571	4
356	753	7
356	367	4
356	394	8
356	397	5
356	537	2
356	835	4
357	75	4
357	1014	10
357	67	5
357	735	8
357	795	10
357	991	2
358	271	4
358	316	10
358	412	5
358	662	9
358	716	4
358	781	10
359	7	10
359	115	6
359	144	5
359	282	5
359	638	9
359	457	2
359	826	1
359	1009	2
360	51	7
360	297	2
360	752	9
360	452	9
360	985	1
361	127	9
361	228	2
361	9	6
361	49	3
361	317	10
361	691	5
362	79	2
362	538	8
362	594	5
363	51	1
363	202	2
363	218	8
363	224	3
363	456	8
363	448	3
363	912	8
363	511	3
363	703	10
363	897	9
363	998	5
364	228	4
364	236	4
364	682	3
365	9	5
365	692	7
365	999	5
366	55	2
366	107	10
366	125	8
366	34	4
366	471	3
366	760	8
366	715	2
367	179	3
367	356	4
367	116	1
367	934	10
367	441	5
367	728	3
368	277	2
368	822	8
368	352	8
368	883	6
369	35	9
369	389	5
369	746	3
369	1019	4
369	714	10
369	389	10
369	711	3
369	835	2
369	977	9
370	758	3
370	926	6
370	591	3
370	633	4
371	73	2
371	864	10
371	602	4
371	726	8
371	792	8
371	797	10
371	896	1
372	90	3
372	657	4
372	74	8
372	391	1
372	672	8
372	853	4
372	900	6
372	923	10
373	694	2
373	235	7
373	606	4
373	635	9
373	816	3
374	275	7
374	491	9
374	473	2
374	610	2
374	908	1
375	150	10
375	143	7
375	287	1
375	231	2
375	483	7
375	500	6
376	15	9
376	132	1
376	239	7
376	705	2
376	561	1
376	714	10
376	441	9
376	576	5
376	635	8
376	653	2
376	820	6
377	180	10
377	264	7
377	607	4
377	561	6
377	524	5
377	347	9
377	442	1
377	988	6
378	291	4
378	328	4
378	787	8
378	338	1
378	57	3
378	530	3
378	635	1
379	132	3
379	213	10
379	328	2
379	340	1
379	207	3
379	1002	2
379	180	7
379	42	8
379	492	2
380	690	7
380	674	4
380	438	9
380	615	5
381	684	5
381	6	10
381	800	7
381	834	2
382	889	6
382	723	8
382	79	1
382	1019	7
383	66	10
383	613	8
383	156	3
383	839	1
384	254	9
384	773	3
384	732	7
384	937	5
384	419	6
384	534	7
384	553	10
384	658	5
384	914	10
384	933	3
385	226	3
385	237	1
385	329	8
385	963	1
385	263	7
385	904	8
385	741	5
385	990	5
386	92	10
386	552	7
386	833	2
386	325	7
386	239	3
386	522	3
386	1010	7
387	70	5
387	142	10
387	251	8
387	105	9
387	707	2
387	724	8
387	1016	10
388	177	1
388	953	3
388	279	6
388	733	6
388	499	3
388	582	4
388	931	4
389	11	3
389	76	5
389	369	5
389	813	2
389	656	3
389	598	8
389	369	10
389	667	3
389	1008	7
390	749	9
390	823	9
390	565	6
390	987	10
390	581	4
390	1017	6
391	372	1
391	182	9
391	692	7
391	247	4
391	743	8
391	547	4
391	986	6
391	992	3
392	69	1
392	282	7
392	264	4
392	238	4
392	84	3
392	405	4
393	787	2
393	559	7
393	514	8
393	950	8
394	333	6
394	517	5
394	356	8
394	821	5
395	274	3
395	873	4
395	477	10
395	79	1
395	441	1
395	601	9
395	649	6
395	1005	2
396	170	7
396	500	4
396	452	3
396	621	6
396	779	1
397	11	7
397	314	9
397	351	4
397	356	3
397	116	9
397	356	5
397	643	4
398	205	1
398	626	4
398	845	3
399	124	4
399	193	6
399	268	10
399	264	2
399	943	8
399	478	1
399	773	8
400	934	7
400	133	1
400	408	10
400	598	2
400	682	1
401	100	4
401	315	5
401	851	10
401	896	1
402	193	5
402	208	8
402	149	8
402	551	7
402	156	4
402	845	7
402	637	9
402	642	10
402	668	6
403	108	9
403	13	10
403	491	4
403	644	8
403	865	3
403	997	2
404	121	2
404	778	10
404	555	2
404	685	10
404	846	9
405	50	3
405	701	7
405	991	4
405	392	4
405	493	3
405	558	9
405	740	2
405	861	7
405	898	2
406	135	10
406	101	2
406	625	10
406	541	10
406	816	3
407	138	6
407	350	9
407	129	8
407	260	4
407	201	1
407	1021	3
407	612	7
407	960	10
407	984	10
408	29	4
408	400	10
408	167	6
408	411	7
409	195	4
409	764	10
409	612	4
409	601	5
409	822	9
410	585	3
410	235	4
410	846	9
410	123	7
410	884	9
411	276	2
411	408	7
411	710	6
412	349	4
412	358	5
412	416	4
412	870	10
412	348	10
412	89	4
412	557	5
412	707	4
413	85	1
413	297	3
413	182	5
413	1000	8
413	714	2
413	829	8
413	946	10
414	60	6
414	80	8
414	301	9
414	335	3
414	113	9
414	996	7
414	550	4
415	51	3
415	173	6
415	972	2
415	211	2
415	198	8
415	501	5
415	544	2
415	776	8
415	942	8
416	233	2
416	412	4
416	92	1
416	937	5
416	437	4
416	694	5
417	222	1
417	294	2
417	525	2
417	645	8
417	449	10
417	787	3
417	903	1
418	198	6
418	272	9
418	615	1
418	207	3
418	692	3
418	446	5
418	733	10
418	1019	3
419	47	2
419	384	6
419	969	7
419	62	2
419	539	2
419	919	4
419	970	7
419	988	1
420	27	6
420	59	8
420	204	9
420	524	9
420	768	3
420	524	10
420	670	7
420	811	6
421	319	2
421	673	7
421	40	7
421	145	2
421	63	10
422	67	1
422	934	9
422	998	2
422	654	7
423	136	4
423	903	2
423	786	2
423	273	4
423	500	2
423	488	4
423	994	1
424	44	3
424	785	9
424	632	5
424	503	7
424	715	3
425	51	8
425	252	9
425	82	8
425	829	2
425	453	3
425	845	2
425	909	7
426	11	4
426	133	10
426	244	8
426	535	5
426	332	8
426	769	1
426	786	5
427	262	3
427	280	6
427	252	8
427	502	7
427	886	4
427	458	7
428	799	2
428	109	2
428	131	7
428	197	3
428	809	3
429	91	7
429	636	3
429	629	3
429	122	1
429	440	9
429	448	10
429	694	2
430	671	7
430	65	2
430	284	8
430	498	1
430	590	4
430	651	9
431	244	9
431	95	3
431	636	5
431	452	6
431	490	9
432	342	2
432	751	10
432	355	10
432	249	10
432	684	8
432	435	3
433	107	3
433	208	8
433	200	4
433	89	10
433	541	4
433	695	8
434	230	3
434	532	10
434	870	6
434	21	8
434	436	8
434	629	5
435	137	3
435	175	3
435	108	5
435	138	9
435	355	5
435	432	3
435	550	2
435	611	7
436	86	8
436	159	2
436	751	7
436	79	8
436	630	8
436	434	8
436	483	8
436	519	1
436	640	9
437	95	2
437	164	1
437	295	8
437	416	4
437	266	9
437	224	3
437	773	7
437	985	9
438	141	8
438	278	4
438	380	9
438	651	7
439	246	7
439	323	5
439	109	1
439	913	9
439	601	6
439	617	9
440	131	7
440	429	9
440	287	2
440	978	5
441	395	1
441	367	5
441	376	9
441	932	1
441	464	2
441	511	10
441	756	7
442	125	10
442	339	8
442	587	6
442	495	8
442	1019	8
442	377	1
442	757	4
443	106	9
443	130	7
443	765	4
443	919	5
443	29	1
443	984	4
444	454	4
444	660	8
444	503	10
445	137	2
445	188	1
445	214	9
445	140	9
445	65	3
445	209	10
445	297	1
445	579	8
446	43	6
446	326	2
446	418	5
446	11	2
446	836	3
447	203	5
447	282	8
447	217	7
447	105	2
447	507	2
447	695	5
447	829	6
447	903	2
448	206	7
448	294	7
448	363	3
448	429	10
448	940	10
448	15	7
448	673	8
449	162	7
449	417	10
449	47	4
449	665	7
449	581	3
449	661	5
449	903	7
450	667	9
450	230	3
450	652	4
450	522	1
451	278	3
451	659	5
451	575	2
451	67	4
451	469	5
452	360	9
452	396	3
452	112	4
452	431	6
452	916	5
452	879	3
452	575	8
452	623	7
452	1000	9
453	425	3
453	714	5
453	969	7
453	60	6
453	929	8
453	1020	5
454	444	4
454	969	1
454	59	7
454	1012	4
455	321	10
455	889	10
455	832	9
455	117	9
455	911	9
456	363	8
456	937	1
456	14	5
456	902	2
456	967	8
456	998	2
457	359	2
457	463	7
457	202	5
457	237	8
457	489	8
457	707	4
457	886	2
458	16	3
458	587	2
458	789	3
458	427	7
458	534	1
458	535	6
459	263	8
459	317	3
459	346	10
459	514	6
459	265	4
459	759	6
459	560	8
459	998	1
460	63	9
460	64	2
460	101	10
460	165	8
460	179	9
460	475	4
460	817	10
461	329	6
461	852	1
461	165	7
461	118	2
461	628	8
462	470	6
462	755	1
462	1020	5
462	538	2
463	306	9
463	457	7
463	155	1
463	985	1
463	25	7
463	812	5
463	525	2
463	668	6
463	928	1
464	86	3
464	163	2
464	679	3
464	441	2
465	90	4
465	891	6
465	332	5
466	48	3
466	104	5
466	189	8
466	647	8
466	475	2
466	629	7
466	842	2
467	47	5
467	958	2
467	294	6
467	678	8
468	260	9
468	222	5
468	882	2
468	689	10
468	250	7
468	584	7
469	246	2
469	922	3
469	932	1
469	933	4
469	451	5
470	80	8
470	462	6
470	185	10
470	674	6
470	239	7
470	519	6
471	366	3
471	719	5
471	132	10
471	900	8
472	514	9
472	343	1
472	247	9
472	236	5
472	857	3
472	917	7
473	374	2
473	924	10
473	46	2
473	627	8
473	989	5
474	279	4
474	609	5
474	703	6
474	8	2
474	237	10
474	736	1
475	44	1
475	460	4
475	466	2
475	495	8
475	811	1
475	689	10
475	965	10
476	990	5
476	217	1
476	848	5
476	627	7
476	776	7
477	395	10
477	683	9
477	20	3
478	58	6
478	225	3
478	313	2
478	885	6
478	399	1
478	763	10
478	591	5
478	1023	7
479	146	5
479	36	9
480	3	7
480	201	8
480	221	4
480	254	4
480	170	1
480	678	10
480	898	1
481	77	1
481	135	6
481	198	2
481	22	10
481	937	10
481	750	10
481	953	6
482	16	8
482	891	10
482	37	6
482	201	8
482	494	5
482	688	5
482	799	5
483	41	3
483	375	7
483	436	8
483	640	10
483	634	4
483	670	9
483	793	5
483	983	4
484	274	5
484	65	8
484	911	4
484	842	2
484	938	10
484	622	9
484	954	3
485	34	3
485	984	10
485	298	5
485	28	8
486	780	9
486	497	4
486	633	8
486	774	5
486	905	2
487	129	3
487	192	6
487	596	8
487	155	3
487	764	9
487	493	3
487	638	3
488	549	6
488	423	4
489	457	8
489	529	3
489	147	10
489	504	9
489	863	7
490	68	10
490	252	8
490	431	9
490	250	4
490	811	3
490	531	4
490	636	1
490	732	7
490	740	4
491	374	9
491	719	1
491	403	4
491	334	8
491	903	1
491	496	1
491	784	1
491	958	9
492	151	2
492	379	2
492	505	10
492	14	6
492	666	1
492	498	3
493	623	4
493	487	3
493	405	3
494	343	7
494	71	3
494	154	3
494	482	5
494	717	8
495	235	8
495	267	5
495	442	8
495	475	8
495	548	8
495	839	9
495	949	2
495	316	7
495	520	10
495	734	8
495	988	5
496	901	3
496	629	5
496	736	6
496	491	1
497	12	4
497	217	5
497	486	4
497	252	10
497	746	1
497	524	7
497	652	3
497	966	7
498	53	9
498	175	5
498	492	3
498	430	1
498	323	3
498	316	10
498	804	10
498	841	7
499	388	3
499	907	7
499	146	2
499	51	9
499	890	8
500	224	3
500	332	7
500	396	4
500	423	2
500	375	6
500	256	3
501	131	6
501	189	8
501	895	2
501	415	5
502	427	7
502	333	7
502	706	9
502	792	6
503	424	7
503	132	2
503	444	10
503	770	9
503	848	9
504	128	6
504	489	9
504	509	5
504	292	5
504	1003	10
505	254	3
505	492	10
505	160	7
505	238	5
506	271	7
506	515	10
506	996	5
506	132	8
506	729	8
507	48	8
507	326	10
507	976	8
507	190	9
507	639	1
507	447	2
507	772	5
507	920	3
508	229	9
508	848	4
508	815	10
508	187	7
508	579	10
508	521	9
508	645	4
508	830	10
509	16	2
509	504	5
509	588	8
509	847	3
509	544	2
509	823	6
509	919	6
510	176	3
510	353	2
510	605	2
510	911	1
510	130	9
510	673	5
511	125	7
511	363	3
511	441	10
511	774	4
511	824	1
511	949	8
512	220	5
512	330	5
512	887	4
512	645	8
512	287	3
512	945	3
513	758	8
513	66	2
513	545	3
513	825	7
514	83	3
514	459	6
514	472	9
514	855	7
514	835	1
514	393	8
514	590	7
515	506	10
515	116	9
515	204	1
515	57	6
515	518	10
515	1005	2
516	25	7
516	41	5
516	149	3
516	265	4
516	308	5
516	159	7
516	31	3
516	702	1
516	708	5
517	394	5
517	255	10
517	655	1
517	883	1
518	112	4
518	515	10
518	585	2
518	804	9
518	830	8
519	57	3
519	134	4
519	470	6
519	65	1
519	436	1
519	245	7
519	546	8
520	292	5
520	332	8
520	599	6
520	838	5
520	495	10
520	924	8
520	641	8
520	736	1
520	820	6
520	876	3
521	67	3
521	18	9
521	508	9
521	135	6
521	331	5
521	628	7
521	777	6
522	386	3
522	450	1
522	664	3
522	620	6
522	650	2
522	766	7
523	102	2
523	23	4
523	986	1
523	694	2
523	150	2
523	940	3
524	28	5
524	139	5
524	289	2
524	377	5
524	420	9
524	763	5
524	636	8
524	420	10
524	497	7
524	590	8
524	847	6
525	257	4
525	348	5
525	417	2
525	781	2
525	1015	8
525	251	10
525	463	2
525	935	5
526	131	7
526	595	1
526	942	5
526	592	2
526	630	6
527	56	10
527	579	3
527	764	10
527	881	8
528	138	5
528	253	2
528	345	4
528	940	3
528	935	8
528	150	5
528	923	4
528	953	8
529	176	10
529	244	7
529	489	3
529	108	8
529	704	8
530	53	4
530	189	6
530	378	3
530	190	10
530	1020	9
531	9	2
531	192	9
531	319	4
531	726	1
531	884	2
531	490	4
531	992	4
532	434	10
532	964	1
532	1003	2
532	592	8
533	226	8
533	106	8
533	699	2
533	808	6
534	81	1
534	172	1
534	213	2
534	384	7
534	844	8
534	834	4
534	458	1
535	328	9
535	426	5
535	100	6
535	789	3
535	25	9
535	458	6
535	723	9
536	321	8
536	217	8
536	161	2
536	317	3
536	95	10
536	948	8
537	183	3
537	356	2
537	126	4
537	658	6
537	829	4
537	949	3
538	69	6
538	362	8
538	462	2
538	758	1
539	75	10
539	25	2
539	935	5
539	419	2
539	126	3
539	578	5
540	42	2
540	88	8
540	182	3
540	198	6
540	87	4
541	21	1
541	146	5
541	433	4
541	576	1
541	406	10
541	831	6
541	934	7
542	215	6
542	279	7
542	66	10
542	590	2
543	117	6
543	200	2
543	266	4
543	798	3
543	742	8
543	785	9
543	930	5
544	618	9
544	509	2
544	415	2
544	909	2
545	592	1
545	513	3
545	805	5
545	832	6
545	597	10
545	776	10
545	804	10
545	946	8
546	519	8
546	772	7
546	659	3
546	868	1
546	598	5
547	73	2
547	891	6
547	391	4
547	974	9
547	768	1
547	869	10
547	893	9
548	33	1
548	495	8
548	771	2
548	799	6
548	741	6
548	977	4
549	121	8
549	488	6
549	883	1
549	571	1
549	912	9
549	656	10
549	988	4
550	435	2
550	414	4
550	917	8
551	129	9
551	214	8
551	402	7
551	1007	5
551	848	10
551	97	6
551	984	8
551	705	3
551	940	3
552	290	1
552	386	7
552	108	8
552	271	3
552	711	8
552	865	4
552	1009	7
553	96	2
553	384	10
553	81	4
553	209	9
553	754	9
554	345	8
554	910	8
554	248	4
554	263	6
554	320	6
554	842	6
555	907	6
555	716	7
555	404	2
555	582	8
555	981	1
556	2	6
556	229	2
556	952	9
556	883	8
556	777	7
557	179	10
557	1001	2
557	412	5
557	628	9
558	203	9
558	208	6
558	260	6
558	405	9
559	136	8
559	278	6
559	393	7
559	736	7
559	925	8
559	864	8
559	1013	4
559	836	7
560	158	3
560	279	5
560	318	6
560	459	8
560	20	9
560	582	9
560	593	2
560	771	9
561	376	1
561	377	6
561	178	1
561	216	6
561	1013	3
561	258	8
561	656	4
561	756	8
562	68	4
562	170	3
562	564	8
562	1002	3
563	50	3
563	591	9
563	43	3
563	906	7
563	946	10
564	17	7
564	562	8
564	783	1
564	1014	5
564	99	9
564	988	10
564	631	9
564	905	3
565	51	4
565	173	9
565	390	6
565	679	5
565	826	5
565	681	3
566	343	6
566	960	3
566	996	8
567	160	2
567	286	8
567	329	4
567	131	10
567	8	7
567	88	2
567	865	3
567	909	3
567	1018	7
568	948	10
568	1008	1
568	615	7
568	738	4
568	1021	6
569	222	1
569	244	10
569	245	3
569	854	8
569	346	5
569	169	8
570	34	9
570	796	5
570	679	2
570	268	1
570	168	5
571	258	7
571	272	6
571	356	4
571	549	1
571	780	7
571	715	7
571	665	4
571	665	3
571	856	4
572	5	8
572	121	1
572	143	5
572	178	6
572	215	10
572	886	9
572	725	7
572	870	3
573	148	3
573	613	10
573	996	5
573	710	4
574	74	3
574	127	7
574	1013	6
574	606	1
574	821	9
575	111	6
575	140	2
575	451	2
575	452	8
575	893	10
575	223	8
575	747	1
575	777	10
575	926	5
575	968	4
576	164	9
576	541	1
576	304	7
576	376	5
576	585	4
577	639	6
577	894	1
577	968	10
577	899	6
578	129	6
578	539	5
579	146	2
579	508	10
579	527	3
579	611	2
579	781	1
579	312	7
579	445	8
579	702	10
579	761	4
579	836	1
580	257	7
580	988	8
580	84	9
580	805	8
581	44	7
581	45	5
581	390	4
581	449	3
581	803	4
582	2	8
582	6	10
582	289	8
582	555	8
582	560	9
582	388	4
582	317	1
582	922	10
582	22	3
582	669	5
583	34	7
583	166	10
583	298	4
583	751	2
583	952	10
583	967	1
584	468	7
584	743	3
584	710	3
584	816	9
584	890	9
584	921	9
585	111	1
585	410	3
585	518	2
585	599	9
585	576	4
585	630	10
585	950	4
586	178	5
586	161	7
586	885	8
586	1014	1
587	14	2
587	442	6
587	458	2
587	725	1
587	973	4
588	509	8
588	341	7
588	688	1
588	770	4
588	763	6
588	870	7
588	983	5
589	640	9
589	342	9
590	105	9
590	187	2
590	222	7
590	292	1
590	514	7
590	542	2
590	335	1
590	524	8
590	430	4
590	671	1
590	806	10
591	163	8
591	167	7
591	563	9
591	370	3
591	478	5
591	721	4
592	141	1
592	545	1
592	177	2
592	526	2
592	532	8
592	984	4
593	35	9
593	83	4
593	123	10
593	560	2
593	862	4
593	5	4
593	684	3
593	930	7
594	39	8
594	87	3
594	234	3
594	362	5
594	307	8
594	633	2
594	704	2
595	135	6
595	269	6
595	526	1
595	65	9
595	622	6
595	815	3
596	5	1
596	156	10
596	316	4
596	487	8
596	100	7
596	810	8
596	288	8
596	980	6
596	1015	6
597	637	8
597	88	10
597	545	10
597	708	4
598	389	8
598	109	7
598	546	5
598	400	2
599	82	1
599	520	6
599	585	9
599	128	9
599	345	7
599	712	6
599	874	10
600	29	8
600	239	10
600	262	7
600	277	8
600	85	4
600	81	3
600	129	9
601	237	7
601	354	8
601	409	5
601	395	9
601	617	4
601	270	8
601	439	6
601	602	7
601	982	10
602	601	7
602	371	4
602	818	9
603	245	1
603	931	3
603	297	10
603	209	10
603	788	8
603	797	1
603	1009	7
604	191	6
604	271	8
604	887	10
604	767	9
604	639	2
604	764	10
604	828	6
605	510	2
605	843	9
605	774	5
605	897	9
605	1007	9
606	574	1
606	1012	2
606	373	4
606	619	3
606	640	2
606	740	2
606	819	3
606	932	9
607	109	3
607	187	10
607	197	5
607	377	4
607	706	10
607	947	9
607	252	2
607	806	2
608	109	4
608	258	4
608	203	7
608	735	8
609	269	10
609	474	5
609	814	5
609	643	1
609	705	1
609	897	6
610	374	2
610	972	6
611	113	2
611	162	7
611	579	2
611	3	8
611	45	8
611	435	7
611	104	10
611	851	1
612	409	4
612	288	9
612	298	9
612	407	7
612	731	4
612	947	5
613	133	7
613	294	7
613	383	8
613	573	10
613	806	7
613	691	8
613	632	10
613	983	5
614	146	10
614	802	3
614	1018	10
614	939	2
614	940	2
615	159	2
615	314	10
615	418	1
615	380	5
615	804	3
615	568	7
615	775	3
615	843	4
615	957	1
616	299	9
616	728	2
616	351	2
616	906	6
616	956	10
617	99	10
617	601	4
617	148	4
617	868	10
617	439	9
617	893	4
617	831	7
618	202	4
618	316	4
618	544	9
618	244	7
618	937	1
618	139	1
618	962	4
618	1003	6
619	113	10
619	606	3
619	620	7
619	993	6
620	24	6
620	78	2
620	79	8
620	216	4
620	619	7
620	251	2
620	695	6
620	522	6
620	831	9
621	396	6
621	70	10
621	920	10
621	644	7
621	844	5
622	161	6
622	595	6
622	689	8
622	926	4
622	484	9
622	730	6
622	765	7
623	336	3
623	493	4
623	790	2
623	669	2
623	452	7
623	278	7
624	155	9
624	811	2
624	921	9
624	335	1
624	316	6
624	907	10
625	406	10
625	211	7
625	809	8
625	216	4
625	773	4
625	929	2
626	70	10
626	398	4
626	761	8
626	237	3
627	476	7
627	285	5
627	1018	2
627	473	8
627	654	7
627	934	8
628	557	9
628	461	8
628	521	7
628	914	5
629	150	1
629	312	9
629	352	7
629	429	3
629	496	5
629	466	7
629	434	5
629	120	5
629	767	10
629	949	10
630	298	6
630	436	8
630	526	6
630	585	10
630	862	6
631	36	1
631	122	7
631	136	7
631	79	2
631	564	9
632	5	2
632	112	9
632	424	5
632	613	10
632	309	9
632	898	5
632	868	3
632	783	2
633	28	6
633	594	2
633	370	4
633	179	6
633	486	8
633	250	2
634	483	4
634	783	8
634	707	10
634	803	6
635	12	4
635	205	3
635	248	2
635	296	2
635	317	2
635	14	1
635	373	9
635	378	1
635	376	8
635	817	6
635	915	8
635	941	4
636	105	3
636	429	3
636	431	5
636	524	8
636	490	1
636	784	7
637	129	5
637	597	8
637	292	5
637	402	9
637	704	7
637	832	4
637	931	8
638	209	1
638	359	9
638	295	2
638	342	6
638	487	3
639	206	8
639	507	1
639	577	6
639	882	4
639	604	2
639	841	7
639	704	2
639	761	1
640	483	10
640	589	9
640	436	9
640	693	9
640	896	8
640	606	2
640	720	7
641	48	10
641	902	7
641	850	3
641	520	8
641	782	7
642	402	10
642	832	1
642	875	3
642	996	1
643	26	1
643	81	8
643	153	2
643	236	1
643	397	4
643	609	1
643	972	3
643	838	8
643	673	1
643	838	1
643	874	9
644	92	8
644	183	9
644	403	8
644	621	7
645	124	9
645	151	1
645	232	6
645	417	8
645	512	8
645	508	4
645	181	10
645	265	3
645	646	8
646	645	8
646	31	8
646	810	9
646	992	10
646	38	1
646	725	4
646	789	2
647	466	8
647	890	1
647	82	10
647	45	1
647	689	3
648	15	6
648	762	3
648	125	6
648	23	6
648	721	1
648	725	6
648	801	3
648	855	7
648	975	2
649	208	2
649	278	4
649	395	6
649	895	9
649	763	9
649	768	1
650	241	6
650	913	9
650	44	1
650	522	2
650	872	1
650	864	7
651	104	9
651	438	7
651	114	2
651	677	8
651	430	9
651	818	3
651	891	9
652	450	4
652	749	3
652	146	10
652	497	3
652	695	4
652	717	10
652	864	4
653	194	4
653	917	3
653	376	2
653	862	9
653	763	5
654	422	7
654	627	7
654	758	5
655	102	5
655	167	10
655	517	1
655	204	7
655	227	5
655	715	6
656	157	6
656	207	9
656	389	3
656	549	10
656	711	2
656	943	2
656	561	4
656	713	10
656	843	10
656	1019	5
657	340	1
657	343	6
657	372	4
657	174	8
657	866	4
657	251	2
657	928	8
657	847	9
657	896	9
657	936	10
658	151	1
658	384	5
658	751	8
658	537	6
658	682	8
658	721	8
659	451	5
659	546	3
659	28	6
659	309	9
659	152	10
659	956	10
660	23	7
660	444	8
660	196	3
660	765	2
661	130	6
661	449	5
661	789	10
661	328	4
661	677	8
661	869	2
662	99	1
662	194	6
662	982	10
662	358	9
662	246	5
662	856	10
663	77	5
663	138	1
663	160	8
663	878	7
663	915	8
663	78	7
663	219	2
663	733	7
663	868	5
664	4	5
664	175	10
664	522	3
664	128	6
664	78	6
665	195	8
665	449	7
665	571	4
665	571	3
665	986	5
665	829	1
665	775	2
665	5	3
666	492	1
666	135	9
666	268	2
666	338	2
666	673	6
666	839	5
667	37	4
667	450	9
667	389	3
667	129	9
667	816	2
667	1001	9
667	1012	5
668	809	4
668	463	6
668	402	6
668	687	9
668	909	2
668	973	8
669	623	2
669	1018	1
669	968	3
669	582	5
669	713	2
669	675	6
669	680	3
670	156	6
670	104	9
670	420	7
670	483	9
670	891	8
671	430	7
671	590	1
671	277	2
672	22	1
672	116	10
672	186	1
672	274	1
672	931	8
672	160	7
672	945	7
672	372	8
673	42	10
673	304	8
673	421	7
673	510	5
673	643	1
673	707	9
673	666	6
673	448	8
673	1	2
673	902	9
674	25	8
674	380	4
674	470	6
674	878	7
674	777	7
674	880	10
675	669	6
675	21	10
675	299	5
676	813	7
676	186	5
676	928	5
676	255	1
677	651	8
677	661	8
677	303	6
677	1013	1
677	739	7
678	219	10
678	347	6
678	467	8
678	480	10
678	793	8
678	978	8
679	97	10
679	299	6
679	464	3
679	565	5
679	570	2
679	158	2
679	749	5
679	938	7
679	995	3
680	64	4
680	215	7
680	286	1
680	669	3
680	294	8
680	875	8
681	4	9
681	46	3
681	565	3
681	226	8
681	142	5
681	783	1
681	878	6
682	164	3
682	364	3
682	658	8
682	400	1
682	700	9
682	871	6
682	270	8
682	965	4
683	284	3
683	477	9
683	897	10
683	344	10
683	49	6
683	64	6
683	915	3
684	154	8
684	271	3
684	381	5
684	432	8
684	192	8
684	593	3
684	729	2
684	796	7
684	851	7
684	866	8
685	404	10
685	136	8
685	722	3
685	802	3
686	58	7
686	862	7
686	715	8
686	785	4
687	668	9
687	798	1
687	830	1
687	344	5
687	941	9
688	117	10
688	166	9
688	588	1
688	482	5
688	190	4
688	913	7
689	341	2
689	468	10
689	622	8
689	812	5
689	748	9
689	475	10
689	647	3
690	103	2
690	336	2
690	380	7
690	234	8
690	250	9
690	804	1
691	13	7
691	185	1
691	281	3
691	361	5
691	613	8
691	956	7
691	901	10
691	932	10
691	752	6
691	766	2
691	969	6
691	979	4
691	1002	8
692	365	7
692	391	7
692	418	3
692	136	6
692	325	4
692	880	2
693	640	9
693	992	5
693	225	4
693	90	8
693	713	4
694	25	5
694	78	3
694	373	2
694	523	2
694	416	5
694	429	2
695	172	6
695	322	7
695	433	8
695	620	6
695	447	5
695	652	4
695	817	7
695	976	6
695	727	2
695	770	1
695	779	8
696	302	9
696	927	1
696	985	5
696	878	5
696	746	9
696	752	9
696	894	2
696	916	9
696	951	8
697	296	7
697	283	9
697	114	3
697	706	9
697	818	9
698	3	9
698	881	1
698	750	4
698	839	6
699	30	10
699	212	10
699	533	2
699	803	9
699	330	7
699	246	4
699	94	4
700	682	9
700	350	3
700	113	9
700	45	4
700	72	10
701	59	10
701	84	9
701	311	2
701	405	7
701	101	5
701	702	6
701	797	8
702	20	3
702	177	5
702	701	6
702	885	5
702	516	1
702	579	10
703	306	10
703	474	6
703	274	8
703	363	10
704	178	5
704	529	8
704	637	7
704	639	2
704	965	4
704	594	2
705	281	4
705	376	2
705	551	3
705	712	10
705	834	1
705	609	1
705	1018	9
706	61	2
706	502	9
706	607	10
706	762	1
706	697	9
706	925	6
706	1002	2
707	299	7
707	387	2
707	673	9
707	195	10
707	457	4
707	412	4
707	634	10
707	785	7
708	4	10
708	597	4
708	516	5
709	180	10
709	202	2
709	313	10
709	936	7
709	1000	9
710	584	3
710	140	5
710	573	4
710	411	6
711	552	8
711	656	2
711	785	7
711	369	3
711	718	6
711	745	10
712	330	1
712	599	6
712	705	10
712	799	4
712	234	10
712	906	6
712	1013	4
713	669	2
713	693	4
713	199	10
713	75	2
713	656	10
713	994	2
713	904	6
714	319	1
714	323	9
714	369	10
714	376	10
714	453	5
714	413	2
714	103	4
715	134	4
715	571	7
715	686	8
715	366	2
715	424	3
715	655	6
715	796	2
715	866	8
716	237	4
716	555	7
716	358	4
716	936	2
717	305	3
717	494	8
717	652	10
717	326	8
717	337	7
717	718	2
717	933	3
718	325	7
718	347	6
718	711	6
718	898	2
718	717	2
718	329	10
719	471	5
719	491	1
719	981	8
719	960	4
720	332	7
720	837	7
720	877	5
720	640	7
720	973	3
721	591	4
721	658	8
721	115	8
721	236	9
721	648	1
721	776	9
721	980	9
722	110	8
722	194	2
722	778	3
722	685	3
723	40	7
723	82	7
723	255	1
723	382	8
723	535	9
723	29	8
723	783	2
724	28	4
724	728	2
724	1016	7
724	387	8
724	842	3
725	109	9
725	147	4
725	338	4
725	587	1
725	648	6
725	646	4
725	572	7
725	128	9
725	756	10
726	25	2
726	531	1
726	371	8
726	201	7
726	844	4
727	695	2
727	179	10
727	791	9
727	896	6
728	616	2
728	724	2
728	354	8
728	367	3
728	983	5
728	0	8
729	281	1
729	927	6
729	684	2
729	506	8
729	297	9
730	102	3
730	123	9
730	999	8
730	622	6
730	908	7
730	945	10
731	756	4
731	990	6
731	612	4
731	181	9
731	958	6
732	384	7
732	777	2
732	905	8
732	490	7
732	218	2
732	945	7
733	388	6
733	418	10
733	806	4
733	663	7
734	216	5
734	114	3
734	769	4
734	495	8
735	119	9
735	248	3
735	608	8
735	357	8
735	33	3
735	961	10
735	277	2
735	798	2
736	40	10
736	496	6
736	559	7
736	474	1
736	520	1
736	221	8
736	849	2
737	108	4
737	160	8
737	132	4
737	88	8
738	138	3
738	25	9
738	274	4
738	568	4
738	154	8
739	193	6
739	340	7
739	677	7
739	296	1
739	884	10
740	181	4
740	606	2
740	490	4
740	405	2
741	11	9
741	42	6
741	548	6
741	385	5
741	965	10
741	246	7
742	119	4
742	543	8
742	150	5
742	956	4
742	938	7
743	391	8
743	584	3
743	221	6
743	18	1
743	2	7
743	792	7
744	929	6
744	747	5
744	1011	5
744	922	8
745	30	7
745	998	10
745	711	10
745	332	4
745	881	3
746	8	10
746	27	8
746	369	3
746	497	1
746	696	9
746	760	2
746	990	5
746	771	9
747	575	1
747	744	5
747	161	5
747	185	7
747	814	1
747	55	8
747	801	5
747	819	6
747	886	10
748	98	6
748	689	9
748	110	8
748	51	2
748	850	8
749	390	9
749	652	3
749	679	5
749	142	7
749	282	7
749	952	10
750	39	8
750	300	9
750	481	10
750	23	4
750	955	1
750	789	1
750	698	4
750	808	1
750	952	5
751	432	10
751	436	7
751	658	8
751	202	3
751	583	2
752	71	4
752	77	6
752	360	9
752	696	9
752	691	6
752	993	9
753	155	8
753	356	7
753	261	5
753	947	7
753	310	1
753	246	10
753	795	3
754	553	9
754	335	1
755	462	1
755	835	8
755	767	7
755	873	2
755	942	7
756	70	2
756	93	1
756	731	4
756	250	6
756	725	10
756	561	8
756	441	7
756	922	6
756	953	7
757	442	4
757	250	3
757	58	7
757	944	6
758	298	3
758	370	3
758	513	8
758	538	1
758	654	5
758	99	9
758	47	1
759	459	6
759	893	1
759	249	2
759	1013	9
759	837	3
759	843	7
760	366	8
760	746	2
760	18	10
760	84	9
760	914	5
760	856	7
761	626	8
761	845	1
761	579	4
761	109	9
761	639	1
761	820	6
761	960	4
761	1000	8
762	648	3
762	706	1
762	929	5
762	947	9
763	33	5
763	153	2
763	478	10
763	524	5
763	653	5
763	588	6
763	902	7
763	649	9
763	801	8
764	409	10
764	487	9
764	527	10
764	134	7
764	226	9
764	604	10
764	977	1
765	128	2
765	285	10
765	443	4
765	660	2
765	67	7
765	622	7
765	203	6
766	901	9
766	968	2
766	522	7
766	691	2
766	892	9
767	7	8
767	10	6
767	123	7
767	604	9
767	755	7
767	944	8
767	82	3
767	629	10
768	184	7
768	420	3
768	547	1
768	87	1
768	649	1
768	876	7
768	955	2
769	55	10
769	734	4
769	880	9
769	426	1
769	788	6
769	832	9
770	22	1
770	588	4
770	933	5
770	695	1
770	503	9
771	38	2
771	548	2
771	746	9
771	560	9
771	794	4
772	145	3
772	270	2
772	329	3
772	546	7
772	507	5
772	900	6
773	174	9
773	251	4
773	384	3
773	437	7
773	625	4
773	399	8
773	888	2
774	511	4
774	605	5
774	783	2
774	486	5
774	230	2
774	59	10
774	927	6
774	929	5
775	78	7
775	665	2
775	336	8
775	615	3
775	862	5
775	824	10
775	1007	6
776	45	3
776	49	9
776	246	2
776	415	8
776	476	7
776	721	9
776	545	10
776	810	7
776	981	3
777	40	8
777	59	1
777	355	5
777	556	7
777	674	7
777	732	2
777	521	6
777	575	10
777	946	9
777	789	2
778	137	8
778	404	10
778	722	3
778	142	10
778	859	10
778	1017	6
779	22	6
779	99	3
779	695	8
779	396	1
780	486	9
780	571	7
780	18	2
780	951	8
781	525	2
781	579	1
781	241	5
781	149	5
781	358	10
781	841	8
781	974	2
782	355	1
782	782	10
782	782	10
782	962	1
782	641	7
782	69	5
783	98	4
783	564	1
783	634	8
783	681	1
783	774	2
783	723	2
783	632	2
783	48	3
784	74	2
784	99	6
784	116	7
784	636	7
784	55	8
784	491	1
784	938	8
784	317	6
784	802	10
785	213	8
785	424	9
785	711	7
785	707	7
785	686	4
785	543	9
786	423	2
786	426	5
786	349	1
786	821	10
787	181	9
787	378	8
787	393	2
787	417	3
787	865	1
788	157	8
788	956	6
788	603	8
788	769	6
788	990	9
789	263	1
789	458	3
789	535	3
789	661	10
789	750	1
789	777	2
789	646	2
789	221	5
789	855	8
789	858	7
789	935	2
789	977	4
790	61	1
790	171	6
790	232	4
790	623	2
790	899	3
790	42	5
791	150	2
791	299	2
791	727	9
791	227	8
791	80	3
791	351	10
791	965	9
792	1	10
792	243	9
792	371	8
792	502	6
792	903	7
792	743	7
793	67	2
793	678	8
793	987	4
793	483	5
793	304	6
793	810	4
793	968	8
794	325	5
794	86	8
794	864	1
794	771	4
795	753	3
795	960	6
795	262	10
795	357	10
796	210	3
796	570	5
796	684	7
796	715	2
796	191	9
797	186	8
797	284	7
797	371	10
797	603	1
797	701	8
797	905	8
798	169	9
798	543	3
798	687	1
798	735	2
798	186	7
798	59	8
798	854	2
798	975	7
799	32	5
799	85	8
799	162	3
799	428	2
799	548	6
799	712	4
799	310	6
799	482	5
799	229	6
799	806	6
800	196	10
800	381	7
800	871	1
800	945	7
801	163	8
801	324	2
801	763	8
801	648	3
801	747	5
801	957	6
802	614	3
802	10	3
802	784	10
802	685	3
802	204	7
803	57	3
803	66	6
803	699	9
803	581	4
803	634	6
803	209	2
804	315	7
804	518	9
804	615	3
804	545	10
804	498	10
804	690	1
804	189	9
804	943	1
805	22	6
805	335	5
805	545	5
805	273	1
805	580	8
805	811	4
805	831	2
805	959	4
806	234	4
806	262	9
806	613	7
806	733	4
806	607	2
806	799	6
806	590	10
806	950	5
807	304	5
807	342	1
807	150	1
807	892	4
808	533	6
808	750	1
808	872	4
808	941	3
809	625	8
809	668	4
809	428	3
809	114	3
809	151	4
809	853	9
810	18	9
810	204	2
810	283	10
810	596	8
810	646	9
810	776	7
810	920	5
810	793	4
810	893	5
811	62	6
811	67	4
811	475	1
811	490	3
811	624	2
811	161	7
811	839	2
811	805	4
811	420	6
811	976	4
812	227	9
812	463	5
812	689	5
812	828	5
812	937	9
812	847	2
812	924	6
813	249	3
813	389	2
813	676	7
813	984	7
813	818	1
814	301	5
814	609	5
814	747	1
814	216	9
814	950	4
814	982	5
814	282	8
815	147	2
815	161	4
815	508	10
815	830	7
815	595	3
816	309	7
816	584	9
816	667	2
816	406	3
816	373	3
816	952	5
816	818	4
817	180	10
817	695	7
817	841	6
817	635	6
817	262	5
817	460	10
818	273	10
818	288	4
818	813	1
818	697	9
818	816	4
818	602	9
818	651	3
819	747	6
819	606	3
819	1015	7
820	110	6
820	376	6
820	520	6
820	876	10
820	761	6
820	966	2
820	987	2
821	20	10
821	394	5
821	786	10
821	110	10
821	39	10
821	574	9
822	31	10
822	77	8
822	368	8
822	312	6
822	15	1
822	409	9
822	877	8
822	895	4
823	390	9
823	252	4
823	142	1
823	509	6
823	250	2
823	947	10
824	511	1
824	6	7
824	775	10
824	984	10
825	513	7
825	276	3
825	130	1
826	118	9
826	565	5
826	359	1
826	273	6
826	302	4
826	926	7
826	1007	2
827	137	2
827	322	9
827	73	4
827	986	9
827	217	4
828	139	8
828	143	9
828	812	5
828	920	5
828	244	3
828	141	10
828	604	6
828	955	3
829	71	2
829	425	2
829	665	1
829	413	8
829	537	4
829	82	2
829	447	6
830	9	8
830	687	1
830	815	7
830	289	7
830	153	9
830	518	8
830	508	10
831	620	9
831	896	10
831	541	6
831	617	7
831	805	2
831	853	1
831	1012	2
832	199	7
832	455	9
832	545	6
832	642	1
832	769	9
832	637	4
833	211	8
833	386	2
833	992	1
833	309	9
833	876	8
834	534	4
834	705	1
834	381	2
834	312	8
834	52	7
834	55	3
835	297	3
835	514	1
835	755	8
835	369	2
835	356	4
835	848	10
836	579	1
836	446	3
836	559	7
837	327	1
837	720	7
837	28	5
837	759	3
837	127	7
837	57	2
837	886	9
838	75	10
838	520	5
838	643	8
838	845	4
838	643	1
838	895	2
839	495	9
839	811	2
839	219	2
839	698	6
839	383	1
839	666	5
840	135	2
840	225	6
840	865	2
840	919	6
840	1008	4
841	639	7
841	817	6
841	498	7
841	873	9
841	781	8
841	861	3
842	179	10
842	186	8
842	245	8
842	484	2
842	724	3
842	466	2
842	554	6
843	73	2
843	192	6
843	331	8
843	605	9
843	147	1
843	656	10
843	759	7
843	615	4
844	534	8
844	726	4
844	621	5
844	116	8
845	41	8
845	398	3
845	402	7
845	761	1
845	838	4
845	928	1
845	425	2
845	64	5
845	268	7
846	410	9
846	236	8
846	404	9
847	27	3
847	509	3
847	278	4
847	657	9
847	812	2
847	524	6
847	943	2
848	109	5
848	154	5
848	476	5
848	508	4
848	551	10
848	835	10
848	503	9
848	113	5
849	205	1
849	204	10
849	736	2
849	47	5
849	58	2
850	126	5
850	641	3
850	938	2
850	748	8
851	58	5
851	401	10
851	611	1
851	684	7
851	871	2
851	1015	7
852	30	3
852	114	5
852	461	1
852	895	9
852	91	1
852	979	1
853	809	9
853	372	4
853	831	1
854	174	6
854	320	10
854	569	8
854	157	10
854	1015	5
854	798	2
855	2	5
855	514	7
855	354	2
855	648	7
855	789	8
855	911	9
856	873	2
856	662	10
856	571	4
856	760	7
856	901	9
856	1004	4
857	472	3
857	249	10
857	206	5
858	123	10
858	204	6
858	242	1
858	120	5
858	789	7
859	10	9
859	778	10
859	914	2
859	128	9
860	207	10
860	300	1
860	83	2
860	1022	7
860	874	4
860	997	6
861	841	3
861	405	7
861	276	5
861	980	2
862	593	4
862	653	9
862	686	7
862	775	5
862	140	3
862	630	6
863	489	7
863	978	3
863	270	3
863	877	3
863	965	8
864	88	7
864	121	3
864	371	10
864	559	8
864	794	1
864	650	7
864	64	7
864	652	4
865	206	6
865	567	3
865	787	1
865	403	3
865	552	4
865	946	2
865	840	2
866	111	9
866	236	4
866	657	4
866	715	8
866	684	8
866	878	7
866	924	5
867	241	10
867	134	9
867	66	5
868	355	6
868	546	1
868	617	10
868	632	3
868	956	2
868	909	4
868	663	5
869	113	4
869	231	10
869	547	10
869	897	2
869	661	2
870	17	1
870	39	4
870	412	10
870	434	6
870	588	7
870	572	3
871	682	6
871	800	1
871	851	2
871	31	5
872	209	5
872	301	1
872	650	1
872	808	4
872	324	1
872	902	1
873	395	4
873	755	2
873	841	9
873	856	2
873	999	7
873	927	1
874	599	10
874	891	10
874	860	4
874	643	9
874	1002	10
875	221	1
875	353	7
875	642	3
875	107	6
875	680	8
876	820	10
876	833	8
876	768	7
876	520	3
876	979	6
877	253	2
877	720	5
877	863	3
877	86	8
877	822	8
877	318	3
877	218	4
878	227	2
878	663	7
878	674	7
878	696	5
878	866	7
878	681	6
878	206	7
878	75	3
879	452	3
879	902	9
879	989	3
879	219	7
879	1006	2
880	692	2
880	769	9
880	141	8
880	674	10
880	1018	8
881	698	1
881	745	3
881	527	8
881	59	10
881	993	6
881	1016	8
882	160	3
882	468	2
882	639	4
882	885	10
882	990	3
883	288	9
883	549	1
883	556	8
883	517	1
883	368	6
883	959	1
884	61	5
884	531	2
884	410	9
884	739	10
885	247	1
885	478	6
885	702	5
885	882	10
885	1017	3
885	586	8
886	427	4
886	572	9
886	747	10
886	457	2
886	837	9
887	512	4
887	604	10
887	939	7
887	887	8
887	887	8
888	773	2
888	284	6
888	917	8
888	924	5
889	382	6
889	455	10
889	246	9
889	304	3
889	264	4
889	971	7
890	244	4
890	647	1
890	109	10
890	137	6
890	499	8
890	584	9
891	465	6
891	482	10
891	547	6
891	670	8
891	874	10
891	651	9
891	44	3
891	913	10
892	229	2
892	807	4
892	766	9
892	237	10
892	128	3
893	575	10
893	617	4
893	759	1
893	810	5
893	320	2
893	547	9
894	577	1
894	994	1
894	185	4
894	696	2
894	963	9
895	501	2
895	649	9
895	838	2
895	852	9
895	822	4
895	106	2
895	924	10
895	1001	1
896	328	2
896	401	1
896	640	8
896	727	6
896	831	10
896	371	1
896	657	9
897	211	5
897	683	10
897	869	2
897	363	9
897	191	1
897	609	6
897	605	9
898	269	1
898	632	5
898	718	2
898	480	1
898	117	8
898	405	2
899	790	3
899	577	6
899	289	6
899	923	3
900	288	7
900	772	6
900	372	6
900	471	8
900	266	9
900	928	8
900	1005	1
901	168	7
901	496	3
901	691	10
901	766	9
901	856	9
901	985	9
902	302	4
902	641	7
902	763	7
902	879	9
902	673	9
902	204	2
902	872	1
902	456	2
903	48	8
903	423	2
903	491	1
903	792	7
903	447	2
903	417	1
903	332	10
903	449	7
904	78	9
904	248	10
904	385	8
904	925	8
904	713	6
904	108	2
905	732	8
905	797	8
905	121	3
905	486	2
905	564	3
905	1007	3
906	226	7
906	563	7
906	616	6
906	146	4
906	712	6
907	214	6
907	233	8
907	499	7
907	555	6
907	103	2
907	624	10
907	223	9
908	730	7
908	374	1
908	1000	5
908	910	10
909	544	2
909	868	4
909	951	9
909	668	2
909	425	7
909	567	3
910	292	10
910	314	5
910	554	8
910	23	10
910	908	10
911	5	7
911	188	9
911	259	4
911	455	9
911	484	4
911	510	1
911	319	2
911	855	9
911	972	9
912	171	10
912	266	5
912	311	7
912	363	8
912	549	9
912	245	4
912	924	9
913	112	3
913	439	9
913	650	9
913	688	7
913	891	10
913	975	6
914	339	4
914	760	5
914	859	2
914	384	10
914	199	3
914	628	5
915	663	8
915	635	8
915	967	3
915	683	3
915	962	8
916	258	9
916	452	5
916	207	4
916	12	4
916	696	9
917	56	3
917	550	8
917	653	3
917	888	8
917	472	7
918	999	1
918	241	5
919	443	5
919	75	2
919	419	4
919	840	6
919	509	6
920	88	3
920	621	10
920	810	5
920	828	5
920	50	6
920	106	8
920	507	3
920	956	4
921	337	10
921	624	9
921	584	9
921	332	6
921	1016	10
921	235	9
922	142	9
922	469	3
922	582	10
922	756	6
922	744	8
923	192	2
923	528	4
923	947	8
923	899	3
923	372	10
924	473	10
924	520	8
924	895	10
924	912	9
924	812	6
924	30	8
924	888	5
924	866	5
925	559	8
925	904	8
925	42	9
925	706	6
925	163	3
925	938	6
926	29	4
926	370	6
926	622	4
926	826	7
926	235	9
926	1002	10
926	575	5
927	696	1
927	729	6
927	873	1
927	774	6
927	173	4
927	330	7
927	985	3
928	657	8
928	676	5
928	845	1
928	463	1
928	900	8
929	744	6
929	762	5
929	625	2
929	963	8
929	774	5
929	453	8
930	74	7
930	341	4
930	543	5
930	593	7
930	1015	1
931	603	3
931	672	8
931	637	8
931	388	4
932	342	6
932	441	1
932	469	1
932	691	10
932	171	3
932	606	9
933	127	7
933	303	6
933	469	4
933	770	5
933	717	3
933	285	4
933	384	3
933	961	8
934	42	8
934	261	8
934	367	10
934	400	7
934	422	9
934	167	3
934	996	7
934	627	8
934	541	7
934	1010	1
935	242	3
935	257	9
935	528	8
935	539	5
935	789	2
935	974	6
935	525	5
935	125	4
936	709	7
936	716	2
936	657	10
936	33	6
936	143	2
937	32	5
937	150	8
937	384	5
937	416	5
937	456	1
937	481	10
937	618	1
937	812	9
937	130	3
937	1014	6
937	228	2
938	103	9
938	484	10
938	679	7
938	784	8
938	850	2
938	975	5
938	925	6
938	742	7
939	202	5
939	250	8
939	614	2
939	887	7
939	159	9
939	57	1
939	77	8
939	303	9
940	448	10
940	528	3
940	551	3
940	523	3
940	614	2
940	1014	7
941	234	6
941	687	9
941	635	4
941	808	3
942	56	2
942	253	8
942	526	5
942	755	7
942	415	8
943	399	8
943	656	2
943	804	1
943	847	2
943	128	8
944	767	8
944	250	3
944	757	6
945	44	9
945	512	3
945	672	7
945	171	1
945	800	7
945	730	10
945	732	7
946	47	4
946	777	9
946	865	2
946	106	8
946	545	8
946	413	10
946	563	10
947	607	9
947	753	7
947	762	9
947	923	8
947	823	10
947	612	5
947	350	10
948	93	10
948	568	10
948	313	6
948	15	6
948	536	8
949	495	2
949	629	10
949	537	3
949	511	8
949	9	8
949	972	9
950	310	6
950	814	4
950	806	5
950	393	8
950	585	4
951	780	8
951	909	9
951	167	7
951	696	8
952	207	8
952	556	9
952	816	5
952	993	8
952	583	10
952	750	5
952	749	10
953	388	3
953	528	8
953	756	7
953	481	6
954	9	10
954	32	4
954	129	3
954	257	9
954	484	3
955	10	4
955	90	6
955	750	1
955	828	3
955	768	2
956	691	7
956	742	4
956	788	6
956	868	2
956	920	4
956	659	10
956	616	10
957	70	1
957	801	6
957	615	1
957	195	4
957	996	8
958	170	5
958	266	9
958	467	2
958	348	8
958	731	6
958	491	9
959	132	6
959	883	1
959	243	3
959	805	4
959	962	4
960	120	9
960	182	8
960	566	3
960	719	4
960	795	6
960	173	3
960	761	4
960	152	2
960	407	10
961	33	1
961	92	10
961	275	8
961	315	5
961	735	10
961	933	8
961	33	9
961	296	7
962	618	4
962	782	1
962	959	4
962	915	8
963	279	10
963	385	1
963	929	8
963	162	8
963	894	9
963	1011	1
964	532	1
964	149	3
964	89	1
965	117	1
965	704	4
965	741	10
965	791	9
965	682	4
965	863	8
965	156	1
965	475	10
966	100	7
966	225	8
966	497	7
966	820	2
966	317	7
966	979	10
967	20	4
967	915	3
967	43	6
967	583	1
967	456	8
968	170	5
968	577	10
968	669	3
968	766	2
968	575	4
968	1021	9
968	793	8
969	290	9
969	419	7
969	453	7
969	454	1
969	80	10
969	691	6
969	249	6
970	296	3
970	326	10
970	344	6
970	39	4
970	419	7
970	60	3
971	889	7
971	49	4
972	182	5
972	331	4
972	415	2
972	610	6
972	643	3
972	911	9
972	129	4
972	949	9
972	110	6
973	256	2
973	587	4
973	668	8
973	65	9
973	720	3
974	209	6
974	547	9
974	935	6
974	155	1
974	781	2
974	204	2
975	938	5
975	648	2
975	344	10
975	913	6
975	798	7
976	141	9
976	507	8
976	695	6
976	151	3
976	811	4
977	126	7
977	320	2
977	369	9
977	764	1
977	548	4
977	789	4
978	255	4
978	863	3
978	678	8
978	440	5
979	36	10
979	203	1
979	316	10
979	852	1
979	966	10
979	876	6
979	691	4
980	596	6
980	861	2
980	721	9
980	257	8
981	178	3
981	719	8
981	776	3
981	555	1
982	12	1
982	116	10
982	337	8
982	662	10
982	814	5
982	131	4
982	129	3
982	601	10
983	101	9
983	728	5
983	483	4
983	588	5
983	613	5
984	88	4
984	172	5
984	249	3
984	485	10
984	551	8
984	592	4
984	813	7
984	824	10
984	407	10
984	443	4
985	296	10
985	463	1
985	696	5
985	901	9
985	927	3
985	437	9
985	32	3
985	360	1
986	523	1
986	665	5
986	827	9
986	138	9
986	391	6
986	85	6
987	44	9
987	201	5
987	350	8
987	390	10
987	793	4
987	820	2
987	327	1
988	564	10
988	580	8
988	495	5
988	419	1
988	549	4
988	377	6
989	139	10
989	298	8
989	879	3
989	473	5
989	0	10
989	1021	2
990	182	8
990	476	5
990	731	6
990	746	5
990	882	3
990	147	9
990	788	9
990	385	5
991	19	4
991	173	8
991	225	4
991	335	8
991	405	4
991	121	5
991	357	2
992	56	6
992	646	10
992	693	5
992	833	1
992	531	4
992	17	1
992	50	1
992	391	3
993	96	7
993	199	7
993	267	4
993	952	8
993	752	9
993	164	7
993	881	6
993	619	6
994	307	4
994	354	5
994	713	2
994	894	1
994	338	3
994	423	1
994	999	4
995	326	10
995	42	3
995	679	3
995	136	10
995	218	3
996	346	1
996	414	7
996	506	5
996	566	8
996	573	5
996	642	1
996	934	7
996	957	8
996	223	8
996	92	2
997	191	7
997	860	6
997	403	2
998	234	2
998	422	2
998	745	10
998	456	2
998	363	5
998	459	1
998	44	3
999	238	8
999	323	1
999	730	8
999	873	7
999	918	1
999	994	4
999	365	5
999	96	6
1000	174	4
1000	413	8
1000	709	9
1000	908	5
1000	452	9
1000	1005	10
1000	317	4
1000	761	8
1001	318	1
1001	557	2
1001	895	1
1001	667	9
1001	39	4
1002	379	2
1002	562	3
1002	874	10
1002	926	10
1002	706	2
1002	691	8
1003	532	2
1003	618	6
1003	504	10
1004	62	9
1004	65	7
1004	856	4
1004	258	6
1005	73	3
1005	1000	10
1005	395	2
1005	900	1
1005	515	2
1006	35	4
1006	177	2
1006	327	3
1006	879	2
1006	113	7
1007	551	5
1007	905	3
1007	346	7
1007	605	9
1007	775	6
1007	826	2
1008	217	2
1008	270	6
1008	568	1
1008	389	7
1008	137	3
1008	18	8
1008	840	4
1009	113	8
1009	212	9
1009	552	7
1009	603	7
1009	359	2
1010	934	1
1010	386	7
1010	160	5
1011	58	6
1011	286	3
1011	744	5
1011	963	1
1011	211	7
1011	162	4
1012	54	1
1012	93	5
1012	454	4
1012	606	2
1012	831	2
1012	237	2
1012	667	5
1013	559	4
1013	561	3
1013	574	6
1013	677	1
1013	759	9
1013	1	3
1013	712	4
1014	235	5
1014	243	8
1014	357	10
1014	564	5
1014	937	6
1014	940	7
1014	586	1
1014	120	4
1014	210	4
1015	95	5
1015	312	3
1015	525	8
1015	854	5
1015	930	1
1015	851	7
1015	596	6
1015	819	7
1016	724	7
1016	921	10
1016	295	3
1016	387	10
1016	881	8
1016	25	3
1017	885	3
1017	390	6
1017	778	6
1017	1021	2
1017	130	9
1018	614	10
1018	627	2
1018	669	1
1018	880	8
1018	705	9
1018	567	7
1018	2	1
1018	164	2
1019	252	2
1019	369	4
1019	382	7
1019	442	8
1019	418	3
1019	656	5
1019	141	7
1020	462	5
1020	530	9
1020	220	1
1020	453	5
1021	145	8
1021	407	3
1021	968	9
1021	1017	2
1021	568	6
1021	171	10
1021	989	2
1022	860	7
1022	220	8
1022	38	7
1023	3	8
1023	478	7
1023	227	2
